V1   2771.68  4.42698  0.0392092  0.722243  0.00433221  3.054  0.348  1.3625  .04003648
V2   1475.21  2.35623  0.0383547  0.575019  0.00436277  2.331  0.348  0.718906  .00723632
V3   873.182  1.39466  0.018718  0.465239  0.00353552  1.944  0.348  0.474051  .00619134
V4   587.277  0.938011  0.0173027  0.381716  0.00322952  1.713  0.350  0.361084  .01523751
V5   399.122  0.637486  0.0150456  0.317047  0.00367835  1.545  0.348  0.301773  .011871536
V6   292.173  0.466665  0.00727301  0.266199  0.00319521  1.432  0.348  0.260487  .01192810
V7   222.709  0.355715  0.0084705  0.225668  0.00338134  1.366  0.350  0.228616  .0135555
V8   182.983  0.292264  0.00389346  0.192965  0.00233603  1.300  0.354  0.223124  .01328734
V9   157.711  0.251899  0.00420104  0.166287  0.00175123  1.258  0.350  0.216998  .01233415
V10   128.855  0.20581  0.00257518  0.144309  0.00138109  1.215  0.360  0.202662  .00785310
V11   113.614  0.181467  0.00215535  0.12604  0.00168901  1.191  0.352  0.192205  .01044584
V12   98.1992  0.156846  0.00167146  0.110728  0.00150157  1.174  0.352  0.194479  .010857586
V13   83.7478  0.133764  0.00125376  0.0978  0.0010414  1.147  0.354  0.186994  .00743909
V14   73.8138  0.117897  0.000981658  0.0868084  0.00060771  1.158  0.356  0.185236  .002462341
V15   64.7232  0.103377  0.000661794  0.0774041  0.000633717  1.159  0.358  0.176129  .002370225
V16   57.3164  0.0915469  0.00212208  0.0693106  0.000614332  1.129  0.350  0.171072  .001936323
V21   8186.59  13.0758  0.107913  1.04476  0.00475781  4.794  0.348  25.2358  2.0444403
V22   5477  8.74797  0.0584803  0.878383  0.00614318  4.198  0.346  3.49151  .02485775
V23   3042.5  4.85954  0.0430147  0.745539  0.00568376  3.214  0.348  1.46957  .01157398
V24   1924.41  3.07371  0.115868  0.638188  0.00469634  2.611  0.348  0.909135  .03761465
V25   1301.42  2.07865  0.0293075  0.550496  0.00369422  2.225  0.348  0.623719  .01091412




